;1;2;3;4;5;6;7;8;9;10
1;0;313;111;633;853;137;261;344;117;156
2;313;0;1000;924;797;250;977;811;476;345
3;111;1000;0;219;446;577;825;464;387;501
4;633;924;219;0;369;452;334;978;311;995
5;853;797;446;369;0;463;916;420;328;412
6;137;250;577;452;463;0;844;623;530;336
7;261;977;825;334;916;844;0;691;566;960
8;344;811;464;978;420;623;691;0;529;601
9;117;476;387;311;328;530;566;529;0;180
10;156;345;501;995;412;336;960;601;180;0
